# ra                 dec                 x                  y                  raPlusErr             decPlusErr            raMinusErr            decMinusErr           xPlusErr            yPlusErr            xMinusErr           yMinusErr           flux               fluxPlusErr        fluxMinusErr       background             bgPlusErr             bgMinusErr            quality           
  30.073654348090397 -24.8389847180811   133.0765960624454  190.78736552333808 1.3726065610697447E-4 1.2456284966688713E-4 1.3726065610342175E-4 1.2456285027440117E-4 0.07473780512409446 0.07473780512409446 0.07473780512409446 0.07473780512409446 157.86201077480638 6.554588998770855  6.554588998770855  -0.004929628400454369  0.0028056396810870647 0.0028056396810870647 24.084196706217483
  30.09975631265574  -25.03019310602331  118.88608369855521 76.06083994281217  2.0056035617699308E-4 1.8172429471974283E-4 2.0056035681292883E-4 1.8172429218310526E-4 0.10903511928886685 0.10903511928886685 0.10903511928886685 0.10903511928886685 118.44861459348944 7.1750326787804    7.1750326787804    0.002269226764574427   0.003109589371874706  0.003109589371874706  16.508442525117967
  29.994278859927867 -25.10960349371549  176.20131962347014 28.402830145845492 3.348254750434876E-4  3.0318197661571844E-4 3.348254696220465E-4  3.0318196506584627E-4 0.18191170859339253 0.18191170859339253 0.18191170859339253 0.18191170859339253 72.90230100338104  7.3676567421763846 7.3676567421763846 -0.004903411142307152  0.0032503285380525992 0.0032503285380525992 9.894910085325977 
  29.917949189953013 -24.846186405000765 217.8525534464959  186.41785905955516 3.524608025315956E-4  3.198375057245073E-4  3.524607907294808E-4  3.19837509277221E-4   0.19190340730012845 0.19190340730012845 0.19190340730012845 0.19190340730012845 57.15728761453047  6.09371013625779   6.09371013625779   0.0031758288842839142  0.0028322751118393347 0.0028322751118393347 9.379718814395616 
  29.87635096088205  -24.751886073938955 240.58354338218115 242.96913600302273 3.6371508637600414E-4 3.3030080494711456E-4 3.6371507046339957E-4 3.3030081502261055E-4 0.1981830528160607  0.1981830528160607  0.1981830528160607  0.1981830528160607  95.20240340984063  10.481946079551186 10.481946079551186 -0.0013197765479040391 0.004660513068536313  0.004660513068536313  9.082512225050197 
  29.86689488220208  -24.85398468107851  245.6428623231053  181.70189584748127 3.918711972694666E-4  3.5557858110735197E-4 3.918711779107298E-4  3.5557858491941374E-4 0.2133487010170275  0.2133487010170275  0.2133487010170275  0.2133487010170275  73.0101287467556   8.653675627338535  8.653675627338535  0.01476266821411932    0.0033015522671312088 0.0033015522671312088 8.436892239882823 
  30.125609065145266 -24.969960904714295 104.81740835451241 112.19623992061341 4.03657912787736E-4   3.659275810363738E-4  4.036579179356181E-4  3.659275756149327E-4  0.21955693103322696 0.21955693103322696 0.21955693103322696 0.21955693103322696 48.22367293383762  5.882134240280888  5.882134240280888  0.003128620352414414   0.0027861373573291014 0.0027861373573291014 8.198329205682121 
  30.134118491058473 -24.918641885099795 100.17532474534987 142.9857682487776  4.2311481903922754E-4 3.8372594693214523E-4 4.231148256188533E-4  3.837259455998776E-4  0.23023571117262195 0.23023571117262195 0.23023571117262195 0.23023571117262195 46.336018099477975 5.9267811555794045 5.9267811555794045 -0.0075949368351324    0.002561387238232612  0.002561387238232612  7.818074749707566 
  30.15395561846865  -24.90260936573425  89.37538761547584  152.59971055693782 4.234244514336183E-4  3.8405680778197393E-4 4.234244601946102E-4  3.840568078778972E-4  0.23043431029885722 0.23043431029885722 0.23043431029885722 0.23043431029885722 42.35528707942546  5.422284092033031  5.422284092033031  0.008007378348211878   0.0025195207474687617 0.0025195207474687617 7.811336765194235 
  29.979793064105085 -25.046324990083026 184.09772686493676 66.3652634071002   4.8055436091587467E-4 4.3536494668572345E-4 4.805543476784635E-4  4.353649302046847E-4  0.26122093487085757 0.26122093487085757 0.26122093487085757 0.26122093487085757 47.05293068040243  6.828450300417133  6.828450300417133  0.005324796283823861   0.002910296251157537  0.002910296251157537  6.8907187737059585
  30.241347780828065 -24.95948626556931  41.857124494083315 118.43017439912803 4.8112906550557E-4    4.361960270351517E-4  4.8112908912401053E-4 4.361960205407911E-4  0.26171898209099226 0.26171898209099226 0.26171898209099226 0.26171898209099226 44.28150812875503  6.438506240507824  6.438506240507824  -0.0014299448631870293 0.0024019109155625712 0.0024019109155625712 6.877605841267681 
  29.919488893170776 -24.854640789733374 217.00848367081358 181.3461653368788  4.850500919140188E-4  4.4012446153018914E-4 4.8505006979127074E-4 4.401244672926907E-4  0.2640758293873067  0.2640758293873067  0.2640758293873067  0.2640758293873067  40.44363976971106  5.933437619794471  5.933437619794471  0.0016261816248126697  0.0027254698880740847 0.0027254698880740847 6.816223976938345 
  30.272621137904782 -25.077158487438297 24.948584751060096 47.803308157018094 4.959069325707333E-4  4.4916185897392324E-4 4.959069623495793E-4  4.4916183762921946E-4 0.26950120367822195 0.26950120367822195 0.26950120367822195 0.26950120367822195 115.4523165751534  17.28585460247178  17.28585460247178  0.010899494132612013   0.006038009583338981  0.006038009583338981  6.679005419763532 
  30.1151671998479   -24.75691011682263  110.45805997296142 240.0288940953073  5.061037625466724E-4  4.595877049027308E-4  5.061037690126113E-4  4.59587723785404E-4   0.2757545087428386  0.2757545087428386  0.2757545087428386  0.2757545087428386  65.27673499151933  10.000196661070264 10.000196661070264 -0.009416587216198626  0.003512697315745928  0.003512697315745928  6.527545127750831 
  29.92980763835173  -24.83554184129956  211.4027848182999  192.81171647445464 5.064341416343154E-4  4.595985033439831E-4  5.064341191349797E-4  4.5959851208365876E-4 0.2757603648408932  0.2757603648408932  0.2757603648408932  0.2757603648408932  41.12586701883111  6.300491163062885  6.300491163062885  4.94973522928127E-4    0.003095115963134455  0.003095115963134455  6.52740650759653  
  30.218431135049226 -24.801122240570812 54.22202006018554  213.46319215022692 5.068182164329471E-4  4.6007447294371673E-4 5.06818239067286E-4   4.6007448614204804E-4 0.2760464508739417  0.2760464508739417  0.2760464508739417  0.2760464508739417  40.99065521978686  6.286291606901021  6.286291606901021  0.0030205600492314846  0.0029969293321304986 0.0029969293321304986 6.520641704687669 
  29.99426583069916  -25.126069114991743 176.20262388981342 18.523308941377802 5.147661687701088E-4  4.6605364471474786E-4 5.147661559270489E-4  4.6605361525919875E-4 0.27963666208979804 0.27963666208979804 0.27963666208979804 0.27963666208979804 63.79171622232232  9.91027921855189   9.91027921855189   -0.006394858584114052  0.0042120788112861825 0.0042120788112861825 6.436924209249847 
  29.97085447663217  -24.950913285981716 188.9998960583525  123.60898068233084 5.145342950036991E-4  4.6651301921585286E-4 5.145342784054208E-4  4.665130129382078E-4  0.279908452045427   0.279908452045427   0.279908452045427   0.279908452045427   41.06063040878831  6.385120832075348  6.385120832075348  0.004386732371236288   0.0027736721758161113 0.0027736721758161113 6.430673982318738 
  30.091233456359852 -24.870211238737284 123.5072523260129  172.0508314380885  5.258291962775274E-4  4.770652014336463E-4  5.258291992014108E-4  4.770652060663849E-4  0.286239232894811   0.286239232894811   0.286239232894811   0.286239232894811   37.191027458334695 5.914183983469837  5.914183983469837  -0.009151967859625656  0.002621222481198459  0.002621222481198459  6.288446142744922 
  30.26130239491565  -24.847282661469208 30.90967847764352  185.7383986685786  5.35216548964712E-4   4.85674016360349E-4   5.352165816994159E-4  4.8567402444632535E-4 0.2914062545749683  0.2914062545749683  0.2914062545749683  0.2914062545749683  58.27732218687457  9.434653436188455  9.434653436188455  -0.0023384995278107118 0.0033423541273595292 0.0033423541273595292 6.176943602754981 
  30.039397337591037 -24.935010373532872 151.71481922333587 133.16958556384935 5.412283921018002E-4  4.907786373316014E-4  5.412283859662637E-4  4.907786327201791E-4  0.2944673224164424  0.2944673224164424  0.2944673224164424  0.2944673224164424  35.5908360262221   5.8224101040035405 5.8224101040035405 -0.003643795940105614  0.002549748084409119  0.002549748084409119  6.1127325953473335
  30.22872763870218  -24.78510233440151  48.60292824220671  223.06904455919434 5.424602401156164E-4  4.924927674885282E-4  5.424602678871793E-4  4.924927850034067E-4  0.2954980106928253  0.2954980106928253  0.2954980106928253  0.2954980106928253  46.33431769507197  7.60649928094771   7.60649928094771   -1.605204582183387E-4  0.003500652895791359  0.003500652895791359  6.091411565781293 
  30.11530313231435  -25.01953358290812  110.43206616275252 82.45447803712277  5.451253292321212E-4  4.939718676091331E-4  5.451253367496633E-4  4.939718503713664E-4  0.2963844060102756  0.2963844060102756  0.2963844060102756  0.2963844060102756  40.75451426191688  6.710556945421088  6.710556945421088  -0.004953464011032399  0.002790217136982715  0.002790217136982715  6.07319401256635  
  30.210051936421    -24.840725624679795 58.809670703657716 189.70576047302728 5.535588047642648E-4  5.02343921489512E-4   5.53558830198142E-4   5.023439311422351E-4  0.30140757141278335 0.30140757141278335 0.30140757141278335 0.30140757141278335 34.4047615524955   5.761030902542025  5.761030902542025  -0.006520484129988455  0.0027099133425080063 0.0027099133425080063 5.971980038731362 
  30.183721042993856 -24.95652437024418  73.20270174706044  120.2393457110949  5.608528808949131E-4  5.084856077530731E-4  5.60852901966058E-4   5.084855994219595E-4  0.3050921836829915  0.3050921836829915  0.3050921836829915  0.3050921836829915  38.61324187206317  6.544776823238685  6.544776823238685  0.003646483082015968   0.00334557370845574   0.00334557370845574   5.899856162391706 
  30.09128606645135  -24.93519116579849  123.48362550723307 133.0628661684125  5.639456628330208E-4  5.113775505876106E-4  5.63945666218757E-4   5.113775455498626E-4  0.3068266362480245  0.3068266362480245  0.3068266362480245  0.3068266362480245  40.244151328963106 6.859987544958157  6.859987544958157  0.010034647295493677   0.002794972868507028  0.002794972868507028  5.866505014071214 
  30.0967719477885   -24.90884790587156  120.49624591477694 148.8683804713084  5.643012658005375E-4  5.118094234681791E-4  5.643012702662986E-4  5.118094226226333E-4  0.30708568107273865 0.30708568107273865 0.30708568107273865 0.30708568107273865 35.40474735950291  6.040161642279652  6.040161642279652  0.0063849083029664236  0.002595436725411467  0.002595436725411467  5.861556272216021 
  30.089605718534905 -24.79081388767637  124.38778851025828 219.6894365774446  5.664711285895407E-4  5.142668328055322E-4  5.664711316910598E-4  5.142668509847681E-4  0.30856131319216623 0.30856131319216623 0.30856131319216623 0.30856131319216623 55.353370352734835 9.488838136475334  9.488838136475334  0.0038672748743243442  0.003922322771525599  0.003922322771525599  5.833524563977447 
  30.04145401170287  -24.893160340937893 150.60180847520184 158.27988440410994 5.76486741245219E-4   5.229278749929733E-4  5.76486734694015E-4   5.229278767302503E-4  0.31375678598555196 0.31375678598555196 0.31375678598555196 0.31375678598555196 35.11177016748235  6.1203089766749175 6.1203089766749175 -2.4173278560970629E-4 0.0026476345571077647 0.0026476345571077647 5.736927710887908 
  29.961701673793264 -25.09574476952207  193.90746094790697 36.705616473916436 5.902548899641147E-4  5.345328473111977E-4  5.902548661680385E-4  5.345328138623984E-4  0.3207239179663612  0.3207239179663612  0.3207239179663612  0.3207239179663612  43.23530682482588  7.703664999632602  7.703664999632602  -0.004376635731957146  0.0034444734110760057 0.0034444734110760057 5.612303601842477 
  29.884756393488903 -24.92350045612106  235.8604977570457  140.00639863832896 5.910527887564854E-4  5.360111298884362E-4  5.910527485326611E-4  5.360111263783551E-4  0.3216084660305497  0.3216084660305497  0.3216084660305497  0.3216084660305497  43.689713776893896 7.806101016168574  7.806101016168574  -0.006277625170898569  0.0035219815723083847 0.0035219815723083847 5.596867589389444 
  30.178417166111682 -25.01611869377932  76.11539098806102  84.48491471370365  6.035919936735468E-4  5.469680558114476E-4  6.035920168869779E-4  5.469680352909734E-4  0.3281826394502597  0.3281826394502597  0.3281826394502597  0.3281826394502597  50.567379740153264 9.219631196228002  9.219631196228002  0.011370912169189217   0.003738486717170673  0.003738486717170673  5.484750817455879 
  29.945229144184825 -25.04925118661064  202.8844159901612  64.59408254174552  6.07177366784839E-4   5.500681581978029E-4  6.071773378977241E-4  5.500681313463929E-4  0.3300438496963354  0.3300438496963354  0.3300438496963354  0.3300438496963354  35.00244176695022  6.4179670164102    6.4179670164102    0.003025016898634465   0.0025663532984762016 0.0025663532984762016 5.453820762470722 
  29.9556246062691   -24.890589225172178 197.31643168384628 159.79672960251355 6.084061914108929E-4  5.518941990736437E-4  6.084061647548822E-4  5.51894201489489E-4   0.33113724162261293 0.33113724162261293 0.33113724162261293 0.33113724162261293 41.560585764015215 7.6456987389548825 7.6456987389548825 -0.009586775274510621  0.003398244576196183  0.003398244576196183  5.435812629166747 
  30.073405146494274 -24.89760162096007  133.21218442643342 155.6172070859556  6.203302921363729E-4  5.626778070926264E-4  6.203302920475551E-4  5.626778082579165E-4  0.337606688363163   0.337606688363163   0.337606688363163   0.337606688363163   29.059781091292752 5.450431365995429  5.450431365995429  -0.006284242788887034  0.0025555727874578002 0.0025555727874578002 5.331647926546356 
  30.115426935037444 -24.819267765254676 110.32798915852327 202.61409987594578 6.22274046531146E-4   5.647980643601613E-4  6.222740563543994E-4  5.64798080755935E-4   0.33887966768710504 0.33887966768710504 0.33887966768710504 0.33887966768710504 31.596913450357075 5.948639738887426  5.948639738887426  -6.884203755313531E-4  0.0029063996487619552 0.0029063996487619552 5.311619939563973 
  29.918400333613057 -25.0951807953379   217.43629836825315 37.02071133669675  6.236930083538539E-4  5.648177316039948E-4  6.236929715299766E-4  5.648176943644501E-4  0.33889566199069426 0.33889566199069426 0.33889566199069426 0.33889566199069426 45.369900358379184 8.542034675782126  8.542034675782126  -0.004851994982814157  0.0038327636065394414 0.0038327636065394414 5.311369255735903 
  30.111282642247218 -25.00570721894115  112.6157189547059  90.75096493632788  6.34140407960615E-4   5.746988951109699E-4  6.341404171479326E-4  5.746988745691795E-4  0.3448204991864839  0.3448204991864839  0.3448204991864839  0.3448204991864839  31.96600321570301  6.123629547687592  6.123629547687592  -0.004162525940563117  0.0028675457803663024 0.0028675457803663024 5.220107285518933 
  30.059996403427615 -25.059060026155127 140.4998940831698  58.741552981783556 6.359566271427752E-4  5.760930026461608E-4  6.359566237392755E-4  5.760929712224083E-4  0.3456583459147217  0.3456583459147217  0.3456583459147217  0.3456583459147217  40.16290935654191  7.712580452948863  7.712580452948863  -0.004142683392788459  0.003557729971870877  0.003557729971870877  5.207454184959048 
  29.93231096234989  -24.78864798074066  210.06894926315098 220.94958792551506 6.364067275264063E-4  5.777688319490437E-4  6.364066926209944E-4  5.777688553365579E-4  0.3466637592513342  0.3466637592513342  0.3466637592513342  0.3466637592513342  38.50371811697291  7.415468704214557  7.415468704214557  -4.6926657569692446E-4 0.0034699500970295136 0.0034699500970295136 5.1923512393882065
  29.9297339614424   -24.84328183058146  211.4379859111536  188.1676652218507  6.400428363377841E-4  5.808146698029759E-4  6.400428003878744E-4  5.808146821841831E-4  0.34849029378218255 0.34849029378218255 0.34849029378218255 0.34849029378218255 34.92321040780019  6.761333252685388  6.761333252685388  0.003032880531882831   0.003022636597773173  0.003022636597773173  5.165136682758507 
  30.14004113788943  -24.807620096807323 96.92011571447065  209.59742431830588 6.442537517159508E-4  5.848025995582873E-4  6.442537684705485E-4  5.848026195600653E-4  0.35088278554310925 0.35088278554310925 0.35088278554310925 0.35088278554310925 37.78042668850535  7.364722975262575  7.364722975262575  -0.008359155524088014  0.003173465116939972  0.003173465116939972  5.129918235269177 
  30.222406572431122 -25.011643801676332 52.19469993867005  87.14751456627602  6.521489582596018E-4  5.909922695757075E-4  6.521489967532546E-4  5.90992246564781E-4   0.3545978078652183  0.3545978078652183  0.3545978078652183  0.3545978078652183  41.09940239158224  8.096532218126937  8.096532218126937  0.007273039193619915   0.003941487796105949  0.003941487796105949  5.076173512848718 
  30.27065340013545  -24.91574719637141  25.87783191608454  144.6523342757751  6.548012293094985E-4  5.938606358668608E-4  6.548012807314763E-4  5.938606332307472E-4  0.3563184998248989  0.3563184998248989  0.3563184998248989  0.3563184998248989  41.61169566509361  8.237231652532984  8.237231652532984  -0.006936265260331196  0.0030814000992504904 0.0030814000992504904 5.051660244652442 
  29.90820423300242  -24.996846337322932 223.04834665975096 96.01534157519825  6.579580783032668E-4  5.963290826471734E-4  6.579580346297575E-4  5.963290624251272E-4  0.3577998848835781  0.3577998848835781  0.3577998848835781  0.3577998848835781  50.34404710955389  10.007274589097456 10.007274589097456 0.001645106899529377   0.004069043272564577  0.004069043272564577  5.030745050645638 
  30.07464657429475  -24.904604764296945 132.53657979957288 151.41531992415582 6.759760476029442E-4  6.131171523620083E-4  6.759760478374233E-4  6.131171521346346E-4  0.3678702915092356  0.3678702915092356  0.3678702915092356  0.3678702915092356  29.48928044203844  6.026794551451362  6.026794551451362  -0.003918443136949562  0.002600064001924064  0.002600064001924064  4.893028987513252 
  29.952187143082924 -24.940472258966423 199.16058865457305 129.86521496173097 6.833949507374371E-4  6.196669055853476E-4  6.833949161304531E-4  6.196668969487007E-4  0.3718011319487402  0.3718011319487402  0.3718011319487402  0.3718011319487402  31.556825667198872 6.518257502097748  6.518257502097748  -0.0017546765197757916 0.0028311763938459683 0.0028311763938459683 4.841297794240723 
  30.008213027075833 -24.805744225137964 168.71872323292516 210.72312560795282 6.874414066260215E-4  6.240143207456583E-4  6.874413877504537E-4  6.240143439555368E-4  0.37440993750055496 0.37440993750055496 0.37440993750055496 0.37440993750055496 37.78367999311251  7.859214035980584  7.859214035980584  -0.010601030108249166  0.0035521547820777676 0.0035521547820777676 4.8075647030521775
  29.957134601944706 -25.046967277578233 196.41414025407371 65.97030211501445  6.921388864213895E-4  6.270499786502626E-4  6.921388523721816E-4  6.270499442919686E-4  0.37623311143165555 0.37623311143165555 0.37623311143165555 0.37623311143165555 27.38105190477117  5.72314352911432   5.72314352911432   -1.4693355184026828E-4 0.0025361273960638605 0.0025361273960638605 4.784267905475454 
  29.98906072822965  -25.023597447973515 179.06848246805782 80.00519667001129  6.949557918289884E-4  6.297220194788622E-4  6.949557668924911E-4  6.297219904851659E-4  0.37783527265098366 0.37783527265098366 0.37783527265098366 0.37783527265098366 32.87364550710133  6.900457118449944  6.900457118449944  -0.004232229186099165  0.0029294992335687125 0.0029294992335687125 4.763980841096186 
  30.08590736856154  -24.925458719277714 126.40950059239496 138.90265417088574 7.035700807094258E-4  6.380373115568716E-4  7.035700843580628E-4  6.380373061318778E-4  0.3828224494403925  0.3828224494403925  0.3828224494403925  0.3828224494403925  29.30451479368147  6.2324589627675575 6.2324589627675575 -0.00596575594852897   0.0027878628119064894 0.0027878628119064894 4.701918611698109 
  30.11506709772331  -24.879501727401777 110.53491269699713 166.47374031667968 7.04407851454647E-4   6.390350723073368E-4  7.044078639282247E-4  6.390350782972121E-4  0.3834212126689213  0.3834212126689213  0.3834212126689213  0.3834212126689213  29.236813929253852 6.2277859174068695 6.2277859174068695 -0.002641030504257252  0.0026079466102997273 0.0026079466102997273 4.694575940309056 
  30.206200556463852 -24.909022112508087 60.94658467785343  148.72984737606112 7.055280848895507E-4  6.398996644847443E-4  7.055281250387679E-4  6.398996631205023E-4  0.383940826877551   0.383940826877551   0.383940826877551   0.383940826877551   32.5237063480419   6.937321504662422  6.937321504662422  -0.008621616796948292  0.002841135598286826  0.002841135598286826  4.688222439479477 
  30.077319135103703 -24.882790933457844 131.08181690042738 164.5035956078896  7.058076809443037E-4  6.402878164415426E-4  7.058076820030124E-4  6.402878216462682E-4  0.3841727429900826  0.3841727429900826  0.3841727429900826  0.3841727429900826  27.292054900319798 5.8249242182743775 5.8249242182743775 0.004923436909766321   0.002603755047561219  0.002603755047561219  4.685392269086896 
  30.05863832500259  -24.96842887639977  141.24410116156568 113.12037724805862 7.081301843285814E-4  6.419483198953913E-4  7.081301796887374E-4  6.419483036417262E-4  0.38516949320200333 0.38516949320200333 0.38516949320200333 0.38516949320200333 29.153606395721688 6.238377666918363  6.238377666918363  -0.001427337667543839  0.002829107276369221  0.002829107276369221  4.673267306389772 
  30.139892224699516 -24.890124183152068 97.02526624709768  160.09493676140752 7.22436758870515E-4   6.553347051720948E-4  7.224367798919218E-4  6.553347087105976E-4  0.3932011076723378  0.3932011076723378  0.3932011076723378  0.3932011076723378  27.108360874526706 5.921687512804165  5.921687512804165  -0.003452857366757041  0.002595162969097348  0.002595162969097348  4.577810094827137 
  29.890847076580524 -24.827996975087768 232.62343989557812 197.3132363216768  7.231531373470546E-4  6.563159811854291E-4  7.231530790541285E-4  6.563160009918079E-4  0.3937922883200418  0.3937922883200418  0.3937922883200418  0.3937922883200418  28.694998327603997 6.27770503042734   6.27770503042734   -0.004573374411080746  0.002785832844032969  0.002785832844032969  4.570937657714487 
  30.259587498544537 -24.819166573730183 31.820341021536585 202.60941255640654 7.275446464731772E-4  6.603486789060753E-4  7.275447063896934E-4  6.603487012952769E-4  0.3962121582016488  0.3962121582016488  0.3962121582016488  0.3962121582016488  38.275673733337854 8.425159609172768  8.425159609172768  0.009064530166284735   0.0034022007911741073 0.0034022007911741073 4.543020608377054 
  30.1871533325762   -24.83739582382553  71.27606001986686  191.71505556130768 7.349893023906873E-4  6.670060137921041E-4  7.349893396906282E-4  6.670060317119919E-4  0.4002049317603098  0.4002049317603098  0.4002049317603098  0.4002049317603098  31.976142625587567 7.1094499874632024 7.1094499874632024 -0.0067063257819646145 0.0029506949484397016 0.0029506949484397016 4.497695698257146 
  30.23640175533642  -24.967360953227445 44.55324768245759  113.70861545329744 7.407872762072998E-4  6.715613530126063E-4  7.407873305709245E-4  6.715613354799643E-4  0.40293892780153634 0.40293892780153634 0.40293892780153634 0.40293892780153634 27.736785800620613 6.209017072869546  6.209017072869546  -0.0029041294687696634 0.0023479995937978086 0.0023479995937978086 4.467178214377471 
  29.950906806899834 -25.019616179516195 199.81426713688063 82.378073538476    7.482604199466891E-4  6.780458291970604E-4  7.482603780246677E-4  6.780457966897302E-4  0.4068300906870032  0.4068300906870032  0.4068300906870032  0.4068300906870032  31.43326983303294  7.104444453757996  7.104444453757996  0.0010303427587456128  0.003086367846548199  0.003086367846548199  4.424451487745234 
  30.207624496333253 -24.933803132073976 60.186317023880115 133.8604495431462  7.556208434955636E-4  6.851950146824493E-4  7.556208900503236E-4  6.851950060315914E-4  0.41111824173395917 0.41111824173395917 0.41111824173395917 0.41111824173395917 32.920196204369546 7.518940656155595  7.518940656155595  -0.00837827094037356   0.0031272516716288395 0.0031272516716288395 4.378302437780047 
  30.273910423288022 -24.89967182952148  24.091298722874193 154.29500583460387 7.573087071897078E-4  6.869176325885462E-4  7.573087771106657E-4  6.869176336792293E-4  0.41215309574326303 0.41215309574326303 0.41215309574326303 0.41215309574326303 41.15590683891113  9.423630228767749  9.423630228767749  -0.00638265529190803   0.0034709167403720828 0.0034709167403720828 4.36730918338386  
  30.04551352810358  -25.001145958240695 148.37892239889604 93.48894437017049  7.607952042860688E-4  6.895072670971558E-4  7.607951943064961E-4  6.895072388495294E-4  0.41370560058135875 0.41370560058135875 0.41370560058135875 0.41370560058135875 30.59974766707713  7.032937214582614  7.032937214582614  0.002340204055000834   0.0029276668952998297 0.0029276668952998297 4.350920068450112 
  30.11987200865779  -24.836296622441942 107.91073920755322 192.39598771091477 7.667490664680088E-4  6.958333554969443E-4  7.667490829774692E-4  6.958333753566137E-4  0.4175007308838131  0.4175007308838131  0.4175007308838131  0.4175007308838131  27.58273025674052  6.397672245534743  6.397672245534743  -0.0030694660819144248 0.0028413227587089276 0.0028413227587089276 4.3113696979384795
  29.891689209506932 -24.88531758452147  232.11882771129623 162.92134588589113 7.708889112620909E-4  6.99316161298924E-4   7.708888453201723E-4  6.993161667239178E-4  0.41959186062100756 0.41959186062100756 0.41959186062100756 0.41959186062100756 24.95160930406922  5.816384540769413  5.816384540769413  0.0031760381859340715  0.0028066398465820415 0.0028066398465820415 4.289883024269322 
  30.09385242285596  -24.89417880579762  122.08371730854991 157.67009222040235 7.739627930014592E-4  7.020514504638697E-4  7.73962800312944E-4   7.020514533095934E-4  0.4212309084250756  0.4212309084250756  0.4212309084250756  0.4212309084250756  26.345217586700794 6.165233298169152  6.165233298169152  -0.0013045573364831608 0.002655536749834306  0.002655536749834306  4.2731906989674435
  30.047624612773753 -24.887462091960348 147.24407524975155 161.69955602454093 7.745853671003999E-4  7.026543954395947E-4  7.745853575293893E-4  7.026544002926016E-4  0.4215927162907691  0.4215927162907691  0.4215927162907691  0.4215927162907691  23.94794176248135  5.609043231788712  5.609043231788712  -0.0016609750026745382 0.002532705236148901  0.002532705236148901  4.269523477151807 
  30.268736501039402 -24.969558884909752 26.96719334657663  112.36668579512488 7.786917252516901E-4  7.05912054012714E-4   7.78691797268749E-4   7.059120339469871E-4  0.42355023873560343 0.42355023873560343 0.42355023873560343 0.42355023873560343 30.91574595586778  7.27465087794427   7.27465087794427   -0.004269688096264622  0.003202625371204091  0.003202625371204091  4.249791017408138 
  30.12555718309381  -25.00660760175852  104.85399274441902 90.20817793195604  7.847630806665506E-4  7.111977528744262E-4  7.847631000785782E-4  7.111977211380349E-4  0.4267201947813456  0.4267201947813456  0.4267201947813456  0.4267201947813456  26.60872657415389  6.308044992560438  6.308044992560438  -0.0068362585172088725 0.0027834981383837096 0.0027834981383837096 4.218220796702561 
  30.11637888886748  -24.937787336584154 109.83182740241229 131.5021454632559  7.888210546447283E-4  7.15276269545484E-4   7.888210707953647E-4  7.152762588837902E-4  0.42916602960801287 0.42916602960801287 0.42916602960801287 0.42916602960801287 26.286289195231888 6.267323537248852  6.267323537248852  5.033970656657923E-4   0.002795708322889886  0.002795708322889886  4.194180983158674 
  30.013515610878066 -25.067018003452308 165.7612604558113  53.959810604079    7.928943510293607E-4  7.182113031127813E-4  7.928943279402745E-4  7.182112517511996E-4  0.43093050925593035 0.43093050925593035 0.43093050925593035 0.43093050925593035 29.00015293953966  6.942805930410106  6.942805930410106  -0.004545323924905093  0.0031156974551983818 0.0031156974551983818 4.177007571609688 
  30.246652254890716 -24.930405600234245 38.9494956558832   135.87501720348573 7.946292628489005E-4  7.205887204762007E-4  7.946293293414897E-4  7.20588711960346E-4   0.43235529178642135 0.43235529178642135 0.43235529178642135 0.43235529178642135 26.818836111761698 6.44181428470848   6.44181428470848   -0.009286303286867645  0.003191408167673076  0.003191408167673076  4.163242671466641 
  30.070924574721744 -24.98392890535162  134.5611106221407  103.82078868167909 7.961125034867678E-4  7.21616609716591E-4   7.961125023854265E-4  7.216165842400812E-4  0.432970809163507   0.432970809163507   0.432970809163507   0.432970809163507   30.933443169346187 7.440709955137699  7.440709955137699  -0.010428145912369137  0.002828727174051632  0.002828727174051632  4.157324147272682 
  30.02403761787582  -25.12478775542971  160.02997627335372 19.299884293771385 8.002703419123236E-4  7.24547771948636E-4   8.002703224896379E-4  7.245477012141066E-4  0.4347352830056989  0.4347352830056989  0.4347352830056989  0.4347352830056989  31.647423215150525 7.643473048801302  7.643473048801302  0.00100934685683272    0.0036826730239175338 0.0036826730239175338 4.1404506842754785
  30.183054067923358 -25.02970578235301  73.6007807018671   76.33062675848203  8.13202964518922E-4   7.368332554094081E-4  8.132030085370445E-4  7.368332137112077E-4  0.4421028851979114  0.4421028851979114  0.4421028851979114  0.4421028851979114  33.62590326994715  8.25894936279583   8.25894936279583   -0.0018802618953140152 0.003699125563166938  0.003699125563166938  4.071450470615801 
  30.12668471564208  -24.92837138686833  104.22264264043153 137.14974866992318 8.163127084479527E-4  7.402614796880869E-4  8.163127299170014E-4  7.40261471435133E-4   0.44415715741522477 0.44415715741522477 0.44415715741522477 0.44415715741522477 27.116665360949522 6.691145002945355  6.691145002945355  -0.007395673343211781  0.002757935532392378  0.002757935532392378  4.052619596349073 
  30.16332088934879  -24.901586184368735 84.27825548573242  153.2104419062703  8.161664434886973E-4  7.402901328426026E-4  8.161664798151946E-4  7.402901335176182E-4  0.444174622717767   0.444174622717767   0.444174622717767   0.444174622717767   22.959330662745092 5.665528908321834  5.665528908321834  0.002032192087920322   0.002535367877940417  0.002535367877940417  4.052460244094985 
  29.87665098042968  -24.88817545714581  240.3015841478974  161.19521617952486 8.253002701046341E-4  7.486589456320303E-4  8.253001882962963E-4  7.486589508616248E-4  0.4491980607214163  0.4491980607214163  0.4491980607214163  0.4491980607214163  25.63866418351614  6.398243461514106  6.398243461514106  -0.00509811379462699   0.0031041929179609776 0.0031041929179609776 4.007141075161417 
  30.06677369510503  -24.778464581815555 136.8249542581909  227.09945210336116 8.279296901854138E-4  7.517045904137376E-4  8.279296872508723E-4  7.517046335188127E-4  0.4510249230005947  0.4510249230005947  0.4510249230005947  0.4510249230005947  35.71385129339984  8.948798349813098  8.948798349813098  -0.002160747224288728  0.004119626983199059  0.004119626983199059  3.990910276142914 
  30.300171333697417 -24.944806994691078 9.844290725524946  127.191370336434   8.342478879761472E-4  7.564293463317995E-4  8.3424798395626E-4    7.564293318971238E-4  0.4538613803987654  0.4538613803987654  0.4538613803987654  0.4538613803987654  40.838820664416865 10.29731306700754  10.29731306700754  0.005242225291076337   0.003895620623037925  0.003895620623037925  3.965968636543054 
  30.2400580599645   -24.88207416806868  42.50193441423987  164.87843269408256 8.429714895861196E-4  7.647258727701001E-4  8.42971561560546E-4   7.64725880401329E-4   0.45883752278053824 0.45883752278053824 0.45883752278053824 0.45883752278053824 25.856449303558524 6.591060636859855  6.591060636859855  -0.00424449558429436   0.0029894916586042652 0.0029894916586042652 3.922957279282015 
  29.853985021169045 -24.790007659884417 252.73345393751322 220.07737254051153 8.469302874622997E-4  7.688892672348402E-4  8.469301914004745E-4  7.688893081017056E-4  0.46133878188147504 0.46133878188147504 0.46133878188147504 0.46133878188147504 56.93114800565626  14.591414706693712 14.591414706693712 -0.021906976600983907  0.0067425242743163055 0.0067425242743163055 3.9016880234059474
  30.08335333618681  -24.85557123182476  127.79624007571883 180.8352651723563  8.479161365144705E-4  7.69373586667399E-4   8.479161406995672E-4  7.693736039975363E-4  0.4616244884353222  0.4616244884353222  0.4616244884353222  0.4616244884353222  24.300272150754427 6.232000389129647  6.232000389129647  0.0015953150023974368  0.002692889490369817  0.002692889490369817  3.8992732081886428
  30.072746365463612 -24.80851968656577  133.5711293651884  209.06641823710933 8.489330816949803E-4  7.705882959392341E-4  8.489330812331275E-4  7.705883303437133E-4  0.46235426204276064 0.46235426204276064 0.46235426204276064 0.46235426204276064 28.02412984970546  7.198375486696478  7.198375486696478  -0.002580734547326354  0.003153108719890917  0.003153108719890917  3.8931186489920746
  30.26185024812072  -25.03336241234735  30.7657029436069   74.08960561746869  8.519008161052E-4     7.718760729247265E-4  8.519008992493582E-4  7.718760257837687E-4  0.46313049860312705 0.46313049860312705 0.46313049860312705 0.46313049860312705 44.2962946857136   11.397202802260939 11.397202802260939 -0.0034765896185236208 0.005200173161404227  0.005200173161404227  3.8865935312589373
  30.122705234104085 -24.85191111666296  106.37139414343306 183.0267416776     8.52720685962538E-4   7.737561726415265E-4  8.527207076340915E-4  7.737561915064362E-4  0.4642542567059235  0.4642542567059235  0.4642542567059235  0.4642542567059235  24.169932449175764 6.233885568792623  6.233885568792623  -1.5901382029358705E-5 0.0025098514522574862 0.0025098514522574862 3.8771857748195706
  30.018055635308645 -24.80547100319221  163.35808765977808 210.88944043814695 8.534966079345452E-4  7.7474994643012E-4    8.534965831969998E-4  7.747499823196335E-4  0.46485156298971436 0.46485156298971436 0.46485156298971436 0.46485156298971436 27.60207113216743  7.128258837524373  7.128258837524373  0.003635040381068472   0.003274117034764058  0.003274117034764058  3.872203824426999 
  30.196920378477053 -24.77879489646463  65.92604554712749  226.87115521504788 8.547718561757733E-4  7.760749165122149E-4  8.547719109799345E-4  7.760749622818253E-4  0.4656482493167589  0.4656482493167589  0.4656482493167589  0.4656482493167589  28.662226371828226 7.414730850869512  7.414730850869512  -0.011000986136805032  0.0031268038989995172 0.0031268038989995172 3.8655787982468786
  30.104836749678956 -24.72787637883315  116.0827094813478  257.45076639827994 8.570835923045195E-4  7.784895147757709E-4  8.570836062027354E-4  7.784895796554281E-4  0.46709819203922875 0.46709819203922875 0.46709819203922875 0.46709819203922875 57.32655639697225  14.876183804925542 14.876183804925542 -0.004568377357967471  0.004843742314328618  0.004843742314328618  3.853579462899032 
  30.18864343363251  -24.809291989124905 70.45046084338993  208.57673301205517 8.647599685644991E-4  7.849510285744543E-4  8.647600208924189E-4  7.849510639630353E-4  0.4709728507700816  0.4709728507700816  0.4709728507700816  0.4709728507700816  23.65534495846207  6.189458472799326  6.189458472799326  -0.004935867895715796  0.002480276153462625  0.002480276153462625  3.8218763503171855
  29.985144083485554 -24.868030686413924 181.25870753300248 173.34407072532935 8.678262027288497E-4  7.873609128132841E-4  8.678261620467254E-4  7.873609262532E-4     0.47241729960467593 0.47241729960467593 0.47241729960467593 0.47241729960467593 26.57448164693543  6.974580476689871  6.974580476689871  0.007991754063342158   0.0030688142935975504 0.0030688142935975504 3.8101906968815493
  30.0858584270806   -25.066029874366105 126.44360815532318 54.559701974983554 8.701989980295366E-4  7.882406627111038E-4  8.701990036001916E-4  7.88240601238499E-4   0.4729481892880372  0.4729481892880372  0.4729481892880372  0.4729481892880372  38.50786836462911  10.117903675776152 10.117903675776152 -0.011390207219446589  0.004448529532440486  0.004448529532440486  3.8059137147967705
  30.141753070891756 -24.778624424922914 95.97904897467195  226.99444229867603 8.82571717614411E-4   8.013153306478671E-4  8.825717498552876E-4  8.013153795509709E-4  0.48079183989232743 0.48079183989232743 0.48079183989232743 0.48079183989232743 34.72920175095717  9.2763982265766    9.2763982265766    -0.0032859392453942404 0.003603126607292378  0.003603126607292378  3.7438239392805563
  30.127200814291612 -24.980785686793283 103.95417622646708 105.70102305934417 8.865552952670441E-4  8.036171559346883E-4  8.86555320828819E-4   8.036171255767499E-4  0.4821713683021171  0.4821713683021171  0.4821713683021171  0.4821713683021171  23.20254721664677  6.215335521970717  6.215335521970717  -0.005461112795938815  0.0026859434462819767 0.0026859434462819767 3.7331125784967862
  30.016495826692466 -24.969847319595175 164.16609431328658 112.26319186284574 8.903885081750218E-4  8.071637501778639E-4  8.903884804851714E-4  8.071637238984408E-4  0.4842991312888648  0.4842991312888648  0.4842991312888648  0.4842991312888648  21.53816915202783  5.79495367215655   5.79495367215655   -0.002504333266695695  0.0025186454656522424 0.0025186454656522424 3.7167111888251827
  29.97804154663149  -24.97576919600072  185.0796124672647  108.69826461081158 8.920414408528643E-4  8.086237458648782E-4  8.920413944331074E-4  8.086237171198718E-4  0.4851756855799704  0.4851756855799704  0.4851756855799704  0.4851756855799704  24.654445344711206 6.645409679286979  6.645409679286979  -0.006153268099459437  0.002856263699148845  0.002856263699148845  3.7099963033966796
  30.06616879731186  -24.876751604512076 137.15117448067244 168.12710221205904 8.91722746999335E-4   8.08983965193022E-4   8.917227433045127E-4  8.089839759115591E-4  0.48539049348560204 0.48539049348560204 0.48539049348560204 0.48539049348560204 23.248353649443217 6.2691832503518325 6.2691832503518325 -2.638543748887127E-4  0.002634453199741613  0.002634453199741613  3.708354457199588 
  29.883781082695005 -24.7932295085313   236.5003458199174  218.1685875406017  8.91860250884946E-4   8.096569490056993E-4  8.918601588128183E-4  8.096569930415853E-4  0.4857986577746259  0.4857986577746259  0.4857986577746259  0.4857986577746259  27.17072027580531  7.333055244865929  7.333055244865929  0.004119042465753724   0.003575644934442591  0.003575644934442591  3.7052387263587394
  30.081426421742446 -24.75972941854327  128.8420700568945  238.34059439671327 9.004304073094715E-4  8.176531015884336E-4  9.004304110824535E-4  8.176531601939985E-4  0.49059497751597403 0.49059497751597403 0.49059497751597403 0.49059497751597403 33.85630547214074  9.227629678823421  9.227629678823421  0.004273769538397655   0.0041911768776060525 0.0041911768776060525 3.6690143244302393
  30.08511831353652  -24.729061057868456 126.8290300352067  256.74161424998965 9.038171114106319E-4  8.209297394792259E-4  9.038171170487885E-4  8.209298111552243E-4  0.4925624473068203  0.4925624473068203  0.4925624473068203  0.4925624473068203  35.28166943651276  9.65468080151247   9.65468080151247   -0.00951717639700836   0.004567420322300995  0.004567420322300995  3.65435897487006  
  29.83155046840943  -24.81834514977336  264.9236865463415  203.05406789494157 9.065286996339239E-4  8.228096169951016E-4  9.065285783584898E-4  8.228096520781492E-4  0.493691287117376   0.493691287117376   0.493691287117376   0.493691287117376   68.28088464079379  18.727598791018497 18.727598791018497 -0.016951936584784215  0.007106662774952567  0.007106662774952567  3.64600317439203  
  30.114719685861644 -24.805251007927456 110.71061523228465 211.02429356469986 9.093418940224751E-4  8.254440770976146E-4  9.093419146495307E-4  8.254441179325056E-4  0.495268045046096   0.495268045046096   0.495268045046096   0.495268045046096   26.13781411696165  7.191791166382465  7.191791166382465  -0.008139277515274502  0.002801049890889114  0.002801049890889114  3.634395592455614 
  29.99060486693283  -24.909437536775286 178.27084043396152 148.50181548633884 9.106158108629359E-4  8.259061509825472E-4  9.106157688378858E-4  8.259061485595964E-4  0.4955442173259675  0.4955442173259675  0.4955442173259675  0.4955442173259675  23.335645840833863 6.424357974441277  6.424357974441277  -0.0019472263859022013 0.0028216251668136284 0.0028216251668136284 3.6323701035453824
  29.895669235518287 -24.87733775649122  229.95878705623844 167.71212406112082 9.127327645366279E-4  8.280438848018434E-4  9.127326741200648E-4  8.280438957299907E-4  0.4968288397770168  0.4968288397770168  0.4968288397770168  0.4968288397770168  21.229298794095964 5.859626605084683  5.859626605084683  -0.007440802111306054  0.002707759071761537  0.002707759071761537  3.6229780880021036
  30.1694247512925   -24.928704542735627 80.96784467533138  136.9371513015533  9.153650498170407E-4  8.30084102247497E-4   9.153650986384321E-4  8.300840917065955E-4  0.4980512473285507  0.4980512473285507  0.4980512473285507  0.4980512473285507  21.78962390078646  6.029082979227149  6.029082979227149  -0.006401520630243919  0.0025114958117051665 0.0025114958117051665 3.6140859191789745
  30.013697856255792 -24.858871999381087 165.7173726130666  178.84777260673627 9.251898870168418E-4  8.394674508132027E-4  9.251898556748017E-4  8.394674700120675E-4  0.5036810607186736  0.5036810607186736  0.5036810607186736  0.5036810607186736  23.2853676720621   6.515777049050497  6.515777049050497  -0.003580898261760025  0.0028029133989985683 0.0028029133989985683 3.573690059799595 
  29.94974170791409  -25.073057093875555 200.41849803993625 50.31269798201343  9.272222909935124E-4  8.398463951024837E-4  9.272222260108265E-4  8.398463222718533E-4  0.5039134026602161  0.5039134026602161  0.5039134026602161  0.5039134026602161  24.432079536030233 6.839806851704718  6.839806851704718  8.954595643421968E-4   0.002947392503477644  0.002947392503477644  3.572042320163019 
  29.911105617885724 -24.842132557442497 221.58155952108103 188.845824457764   9.295620311995378E-4  8.435507909965168E-4  9.295619455507165E-4  8.435508176027895E-4  0.5061331060713482  0.5061331060713482  0.5061331060713482  0.5061331060713482  24.33204129261404  6.841806464716394  6.841806464716394  -0.004851468707227311  0.0027175685251792283 0.0027175685251792283 3.556376728587082 
  29.976145740852065 -24.845512056867157 186.1668178796566  186.8519213583961  9.316659347540224E-4  8.454352082409855E-4  9.316658831082236E-4  8.454352335434123E-4  0.5072623912079818  0.5072623912079818  0.5072623912079818  0.5072623912079818  26.17237512754555  7.375700883774289  7.375700883774289  -0.005350140044605623  0.003235935294431137  0.003235935294431137  3.5484593993123865
  29.983914643691584 -25.06187300540014  181.851147207718   57.03790444755984  9.357058378220984E-4  8.476075922452253E-4  9.357057898746746E-4  8.476075229708613E-4  0.5085690396306839  0.5085690396306839  0.5085690396306839  0.5085690396306839  23.385426619128896 6.607279976136996  6.607279976136996  -0.006495281217579398  0.0031069471955943407 0.0031069471955943407 3.5393424682453656
  29.967509321983343 -24.88782426215651  190.84923998790447 161.46104205545973 9.37135626383423E-4   8.501082314502639E-4  9.371355695186878E-4  8.501082383816083E-4  0.5100658574125833  0.5100658574125833  0.5100658574125833  0.5100658574125833  24.707888709866513 7.00147246647515   7.00147246647515   -0.009626383475222955  0.0030800019025729727 0.0030800019025729727 3.5289560629102286
  30.036178086931905 -24.879338344189904 153.47555875791767 166.5723465159427  9.413529238884166E-4  8.539914664389414E-4  9.41352903584658E-4   8.539914772285329E-4  0.5123950856772833  0.5123950856772833  0.5123950856772833  0.5123950856772833  19.47033791756914  5.542503036355829  5.542503036355829  -0.005179451793332872  0.0024635075564275535 0.0024635075564275535 3.51291425369625  
  30.2453392643813   -24.975071379679573 39.69767633321602  109.07635608443127 9.435480654396144E-4  8.553209188200128E-4  9.435481584958438E-4  8.553208869379603E-4  0.5131956398024289  0.5131956398024289  0.5131956398024289  0.5131956398024289  24.376394349301272 6.949921830093601  6.949921830093601  -0.00715338837944199   0.002921774661578838  0.002921774661578838  3.507434320160256 
  30.043810376700648 -24.794177823852312 149.33242881452512 217.6697733329648  9.459880811419907E-4  8.58785489402436E-4   9.459880647888497E-4  8.587855385684406E-4  0.5152732593575701  0.5152732593575701  0.5152732593575701  0.5152732593575701  31.81299170354104  9.10687995833456   9.10687995833456   0.0017705655701067897  0.0037563993369627647 0.0037563993369627647 3.493292087860013 
  30.229686935281595 -25.01596515088277  48.23906859991048  84.5502417386196   9.57507700455551E-4   8.676849324125158E-4  9.575077875325633E-4  8.676848808377713E-4  0.5206148722769388  0.5206148722769388  0.5206148722769388  0.5206148722769388  33.88546239714734  9.800708709966337  9.800708709966337  0.021130241332100334   0.004161646256118441  0.004161646256118441  3.457450210992316 
  30.25316229107862  -24.942254449533635 35.41678226972277  128.76109357449346 9.572893376201819E-4  8.680094394115656E-4  9.572894377676278E-4  8.680094216195755E-4  0.5208084470675113  0.5208084470675113  0.5208084470675113  0.5208084470675113  26.815743390004187 7.758814262173198  7.758814262173198  -0.004045204901915722  0.0028668979134836665 0.0028668979134836665 3.456165141204612 
  30.108670098053615 -24.94626634061785  114.02717581345453 126.41593547064716 9.599618118869557E-4  8.70400867949428E-4   9.599618314695135E-4  8.704008482709469E-4  0.5222409008393378  0.5222409008393378  0.5222409008393378  0.5222409008393378  20.85140901668123  6.049699238135153  6.049699238135153  -0.011527752503887791  0.0028316490285357496 0.0028316490285357496 3.446685231100641 
  29.950580440848015 -24.906081473141644 200.0534004582655  150.49893277988454 9.646958787605797E-4  8.74980138330983E-4   9.646958089035707E-4  8.749801371585875E-4  0.5249892975950415  0.5249892975950415  0.5249892975950415  0.5249892975950415  24.77457988080958  7.225771827689483  7.225771827689483  -4.1784696403958274E-4 0.003077536422530016  0.003077536422530016  3.428641323252455 
  30.193471986398556 -25.012038220206463 67.92769251690504  86.92643601901008  9.673730763140043E-4  8.766518939502532E-4  9.673731445545286E-4  8.766518431571058E-4  0.5259941516295528  0.5259941516295528  0.5259941516295528  0.5259941516295528  25.13651266168156  7.345365918005195  7.345365918005195  -0.007161443291333959  0.00344312081567922   0.00344312081567922   3.422091280717022 
  30.022673030764743 -25.082929547782925 160.7807046766831  44.4148460582301   9.685708295705808E-4  8.77225916273261E-4   9.685708003566162E-4  8.772258322125026E-4  0.5263408884852893  0.5263408884852893  0.5263408884852893  0.5263408884852893  27.403565965328454 8.01312069881061   8.01312069881061   -0.0011590284077839322 0.0031772956760961132 0.0031772956760961132 3.419836914399152 
  29.94090262306836  -24.92642652033488  205.30816176709428 138.2869254980656  9.72859027928763E-4   8.822387933236087E-4  9.728589513002817E-4  8.822387824771738E-4  0.5293447804240602  0.5293447804240602  0.5293447804240602  0.5293447804240602  23.214028039194396 6.826791430648774  6.826791430648774  -0.01504675743962438   0.0032914406472861536 0.0032914406472861536 3.4004302423793673
  29.902993723181382 -24.820658410989704 226.01453829954627 201.72496973341765 9.727620991029085E-4  8.829065904656375E-4  9.727620006394488E-4  8.829066298083887E-4  0.5297474308770868  0.5297474308770868  0.5297474308770868  0.5297474308770868  22.293273824976815 6.56100251923513   6.56100251923513   -0.00683045238700217   0.0030516858200866    0.0030516858200866    3.397845643195352 
  29.926453007628837 -25.05830787807386  213.08468677247004 59.149614235596246 9.81245066352443E-4   8.888867407605971E-4  9.81244979918472E-4   8.888866662708494E-4  0.5333376726246346  0.5333376726246346  0.5333376726246346  0.5333376726246346  24.025254953896926 7.118651978515235  7.118651978515235  -0.007179579059126005  0.0034033728238122072 0.0034033728238122072 3.374972540644973 
  30.017021675712655 -24.84201127775444  163.91207921389358 188.96499340301938 9.817383882086972E-4  8.908976333579233E-4  9.817383548771375E-4  8.908976631438748E-4  0.5345394696594025  0.5345394696594025  0.5345394696594025  0.5345394696594025  21.323009070188238 6.33221664440185   6.33221664440185   -0.003547568738667002  0.0028824087813430657 0.0028824087813430657 3.3673846407386208
  30.032737037143285 -24.981677934916142 155.3300542416101  105.16801105941893 9.845964639723093E-4  8.924798283977964E-4  9.845964397143803E-4  8.924797905258686E-4  0.535489016841165   0.535489016841165   0.535489016841165   0.535489016841165   20.926557521812157 6.225523174015288  6.225523174015288  -0.0056957627116331665 0.0027238909731491898 0.0027238909731491898 3.361413480742874 
  30.09236973676314  -24.721930940154387 122.87656374565398 261.0192950492639  9.846427347284248E-4  8.943939235130927E-4  9.8464274570631E-4    8.943940120644811E-4  0.5366418058182874  0.5366418058182874  0.5366418058182874  0.5366418058182874  39.48177399610213  11.770872496767769 11.770872496767769 -0.005207564993249653  0.004537091476661364  0.004537091476661364  3.354192648586046 
  30.017625054567336 -24.948163035238313 163.55725706804785 125.2740355585421  9.871954931028881E-4  8.950801334037806E-4  9.871954597571175E-4  8.950801116540674E-4  0.5370486560708122  0.5370486560708122  0.5370486560708122  0.5370486560708122  19.60878412769499  5.850483979424096  5.850483979424096  0.002659427990976729   0.0025969393499463483 0.0025969393499463483 3.3516516234653833
  30.206928796951793 -24.806354977398524 60.49001058464071  210.32990517053474 9.867188732748389E-4  8.956759715594842E-4  9.86718952251664E-4   8.956760190770297E-4  0.537408597070167   0.537408597070167   0.537408597070167   0.537408597070167   23.855723360582292 7.122372679615057  7.122372679615057  0.003842390132807315   0.0028459804053732295 0.0028459804053732295 3.3494067824981637
  29.891894312567796 -24.770866987628455 232.0989954311552  231.5922191289369  9.871034323865047E-4  8.962819083784268E-4  9.871033244124305E-4  8.962819732722949E-4  0.537774762097664   0.537774762097664   0.537774762097664   0.537774762097664   28.087120432427966 8.391413615866893  8.391413615866893  0.002275113387112655   0.0038804509037740475 0.0038804509037740475 3.3471262075938517
  30.077637066838797 -24.976833765898917 130.91035921821347 108.07786693046855 9.907294835365121E-4  8.980743519728662E-4  9.907294858280125E-4  8.980743160051929E-4  0.5388454812428383  0.5388454812428383  0.5388454812428383  0.5388454812428383  21.972155799965975 6.57755381443203   6.57755381443203   -0.003768255404984719  0.003028551374505824  0.003028551374505824  3.340475261754018 
  30.16747502574714  -25.010687765947548 82.06255941480546  87.7478398933444   9.915746542858983E-4  8.985931157816651E-4  9.915747103974581E-4  8.985930630949213E-4  0.5391584567378526  0.5391584567378526  0.5391584567378526  0.5391584567378526  32.45215992424053  9.720475812537229  9.720475812537229  -0.006577254591686862  0.003929556779250822  0.003929556779250822  3.3385361529714976
  29.998742080756827 -24.835587462156823 173.86712761922948 192.81447954930184 9.920250834660749E-4  9.00279367265E-4      9.920250384709561E-4  9.002794008488024E-4  0.5401688557261046  0.5401688557261046  0.5401688557261046  0.5401688557261046  21.54087573498309  6.464283442836864  6.464283442836864  -0.002482187305351273  0.0031206338011667777 0.0031206338011667777 3.332291339862695 
  30.25442787365422  -25.065985626986272 34.82680656354841  54.52098009945614  9.9878886184257E-4    9.047235490946548E-4  9.98788971628528E-4   9.047234680714666E-4  0.5428411615761229  0.5428411615761229  0.5428411615761229  0.5428411615761229  40.48750607675502  12.210158237794683 12.210158237794683 -5.618018043509968E-4  0.004177669124515044  0.004177669124515044  3.315887090753019 
  30.16774658937409  -24.866795443120868 81.85528537326869  174.08328402099866 0.001002992758923682  9.100039937912641E-4  0.0010029928165025126 9.100040123684039E-4  0.5460033616142526  0.5460033616142526  0.5460033616142526  0.5460033616142526  21.175301381486634 6.423214298604968  6.423214298604968  0.00843957277819685    0.0028248921404836094 0.0028248921404836094 3.296682999675974 
  30.018281892089615 -24.797393811830453 163.23683560932525 215.73582234625877 0.0010040210041672992 9.11445553914092E-4   0.001004020970071906  9.114456076702027E-4  0.5468694853243128  0.5468694853243128  0.5468694853243128  0.5468694853243128  29.54587697127024  8.976521407076252  8.976521407076252  -0.0017397460360313842 0.0036423906769382478 0.0036423906769382478 3.2914617624572284
  29.99084090657909  -24.828627551135316 178.17195147811307 196.98794384659288 0.0010057669371867917 9.128016377530912E-4  0.0010057668860632418 9.128016758133128E-4  0.547682506644676   0.547682506644676   0.547682506644676   0.547682506644676   25.83587497220993  7.861031536745118  7.861031536745118  -0.006543865387203853  0.003226659170584633  0.003226659170584633  3.286575667766287 
  29.956100917776705 -24.917016803868215 197.04347403872114 143.9403850988331  0.001009202841711243  9.152666920684283E-4  0.0010092027686887661 9.152666852081381E-4  0.5491612018080984  0.5491612018080984  0.5491612018080984  0.5491612018080984  23.718615851435143 7.236301992334078  7.236301992334078  0.005693682426026645   0.0032533885141098084 0.0032533885141098084 3.2777260922169824
  30.014745571044084 -24.93204414423331  165.12793484278782 134.9447130977031  0.0010122845447604334 9.179484043180253E-4  0.0010122845078939235 9.179483897376883E-4  0.5507694662177859  0.5507694662177859  0.5507694662177859  0.5507694662177859  20.65164755139155  6.31905383244447   6.31905383244447   -0.0045426712112870415 0.002605909672183446  0.002605909672183446  3.268155027475473 
  29.90726812396919  -24.814926395344163 223.69099541636544 205.16707269177863 0.001020701739111729  9.264605241519064E-4  0.0010207016334113916 9.264605704935036E-4  0.5558800086641517  0.5558800086641517  0.5558800086641517  0.5558800086641517  24.344287768634537 7.5180571643077085 7.5180571643077085 -0.010547370445962167  0.0035436740281555817 0.0035436740281555817 3.238108893905471 
  30.209002877800557 -24.8916121360612   59.41121251292499  159.17435213965544 0.0010219626849448105 9.27030257130923E-4   0.0010219627709737722 9.270302633836991E-4  0.5562197294012123  0.5562197294012123  0.5562197294012123  0.5562197294012123  19.79592386994642  6.117157454550444  6.117157454550444  0.007676208678049953   0.002472995348132107  0.002472995348132107  3.23613116337566  
  29.90756628553612  -24.865398611355737 223.491617998076   174.88381950224874 0.0010276950534446883 9.324287488254868E-4  0.001027694946476032  9.324287690262167E-4  0.5594598590388463  0.5594598590388463  0.5594598590388463  0.5594598590388463  20.240321695335286 6.290915290319694  6.290915290319694  0.001607166195180273   0.0027199708432498167 0.0027199708432498167 3.2173890064106567
  30.04443588125766  -24.86632127400837  148.9823807365541  174.38369683917213 0.001036596339002216  9.404947694662269E-4  0.0010365963197855876 9.40494789578139E-4   0.5642971811178135  0.5642971811178135  0.5642971811178135  0.5642971811178135  20.26911934193429  6.354337171331309  6.354337171331309  -9.57932053370158E-4   0.002693159317248294  0.002693159317248294  3.189808597721557 
  29.940060530437997 -24.77844909825198  205.85362108580586 227.073205915814   0.0010370992709134441 9.416187093442829E-4  0.0010370991832822085 9.416187769133444E-4  0.5649754818097245  0.5649754818097245  0.5649754818097245  0.5649754818097245  32.78846484229381  10.291488178933259 10.291488178933259 2.2682587359703122E-5  0.00375202405152913   0.00375202405152913   3.1859789636072273
  30.044462979885264 -25.135570754575664 148.93280270946164 12.833234696166695 0.001047776664861999  9.485501212616043E-4  0.0010477766452439141 9.485499941348507E-4  0.5691394358675165  0.5691394358675165  0.5691394358675165  0.5691394358675165  29.499546685122553 9.327419643734151  9.327419643734151  -1.77559949671245E-5   0.003817223770810009  0.003817223770810009  3.1626696140919703
  30.029948901453857 -24.838532770264056 156.8741044709483  191.0546973529825  0.0010501006313603511 9.529608466039008E-4  0.0010501006019083547 9.529608826284175E-4  0.5717774243364949  0.5717774243364949  0.5717774243364949  0.5717774243364949  19.89112594552254  6.318498200158877  6.318498200158877  -0.002710764879329146  0.0028583719719735296 0.0028583719719735296 3.148078121636939 
  29.99251444609482  -24.94650467866965  177.21838925113872 126.26213931890243 0.0010525154691940486 9.543183670892574E-4  0.0010525154143401494 9.543183432825231E-4  0.5725919099484987  0.5725919099484987  0.5725919099484987  0.5725919099484987  18.67880177605394  5.941850435834597  5.941850435834597  -0.0011172130089974353 0.002727094308939054  0.002727094308939054  3.143600125544106 
  30.21530203723651  -24.75849011846741  55.89972719241889  239.04442171090102 0.00105185282171405   9.551670331546802E-4  0.0010518529170902013 9.551671137906226E-4  0.5731056696140401  0.5731056696140401  0.5731056696140401  0.5731056696140401  37.23616298899528  11.855697846483304 11.855697846483304 -0.006259285451230516  0.0037463874006417085 0.0037463874006417085 3.1407820502139785
  29.94149991692454  -24.819804188601545 205.04536847344454 202.2607882477602  0.001054431097681885  9.570368834381782E-4  0.001054431008068235  9.570369301776793E-4  0.5742249039704047  0.5742249039704047  0.5742249039704047  0.5742249039704047  24.527431085535152 7.824589866519423  7.824589866519423  -0.0037798775585183375 0.0034318870667834644 0.0034318870667834644 3.134660283024595 
  30.097325163139985 -24.7810145356142   120.1819290008468  225.56846766484307 0.0010573527454305065 9.599857582927029E-4  0.001057352761442587  9.59985827144294E-4   0.5759941621963914  0.5759941621963914  0.5759941621963914  0.5759941621963914  24.858322013536522 7.9545824232210816 7.9545824232210816 -0.004189646175279478  0.0033348308609729453 0.0033348308609729453 3.125031672431969 
  30.16909588912944  -25.063299277863425 81.20334208791809  56.180116892608    0.0010607625097769358 9.60878901135942E-4   0.0010607625751006822 9.608788112949185E-4  0.576532588622273   0.576532588622273   0.576532588622273   0.576532588622273   41.408310901191896 13.262911485747125 13.262911485747125 -0.009257004047293804  0.0054700305523647345 0.0054700305523647345 3.1221131910358433
  29.992441516690274 -24.803487636163645 177.3093709044785  212.0724629159396  0.0010664343779573926 9.680571509278479E-4  0.0010664343215900374 9.680572080945637E-4  0.5808366676462704  0.5808366676462704  0.5808366676462704  0.5808366676462704  25.55489253760906  8.2462325686702    8.2462325686702    0.0053172260506825116  0.0036641858039218344 0.0036641858039218344 3.0989779059469433
  29.91426848245231  -24.985219610615214 219.75877130632733 102.99536497045591 0.0010699919061885055 9.698606965997669E-4  0.001069991794917513  9.698606497856588E-4  0.5819198395277967  0.5819198395277967  0.5819198395277967  0.5819198395277967  28.11135616808111  9.088086594578762  9.088086594578762  -5.32579928844406E-4   0.004372570796946473  0.004372570796946473  3.093209541472694 
  30.132697268847195 -24.94127675760254  100.95455437659847 129.40517608717582 0.0010713732572504853 9.71457720286395E-4   0.0010713732984335422 9.714576986432633E-4  0.5828751853820797  0.5828751853820797  0.5828751853820797  0.5828751853820797  19.63558692100791  6.358386870372619  6.358386870372619  -5.867640482892438E-4  0.0026672899392145735 0.0026672899392145735 3.0881396997879134
  30.23956426240049  -24.938781900486006 42.81216574369696  130.85402577568206 0.0010728393580770046 9.72809778009065E-4   0.0010728394743217962 9.728097576768846E-4  0.5836885233995914  0.5836885233995914  0.5836885233995914  0.5836885233995914  18.56203269881182  6.019136365148095  6.019136365148095  -0.0029553997676352623 0.0029343014266652637 0.0029343014266652637 3.08383654610143  
  30.21427669742499  -24.939660497662008 56.570618401183566 130.34236971059917 0.001073271337048709  9.731935792522961E-4  0.001073271435643619  9.731935584049722E-4  0.5839181274157773  0.5839181274157773  0.5839181274157773  0.5839181274157773  22.201518308851714 7.202149442607991  7.202149442607991  -0.0014842818152416466 0.0032232045576692445 0.0032232045576692445 3.082623942445196 
  29.943715038611845 -25.08912351448833  203.68456731991452 40.66965892329159  0.0010817001162486406 9.796379147530843E-4  0.0010817000235121554 9.796378062638667E-4  0.5877903919154573  0.5877903919154573  0.5877903919154573  0.5877903919154573  22.31949299103429  7.288435295864986  7.288435295864986  0.005382668558721559   0.0032305002383467493 0.0032305002383467493 3.06231613302474  
  30.07650005118169  -24.72041726453469  131.52570930978598 261.92818135362796 0.001082380898242974  9.831855827293623E-4  0.001082380900164992  9.831856906181713E-4  0.5899174146627495  0.5899174146627495  0.5899174146627495  0.5899174146627495  46.55945806423651  15.259019516310333 15.259019516310333 -0.014847222382518706  0.005526249906449414  0.005526249906449414  3.0512745602343063
  29.89427601389093  -24.891475958229073 230.70596754134758 159.22817943366383 0.0010840555054869583 9.833578375726404E-4  0.0010840553769604355 9.833578446674096E-4  0.5900176273592986  0.5900176273592986  0.5900176273592986  0.5900176273592986  19.172062688270014 6.284363854955041  6.284363854955041  0.002705772302497678   0.00286763131096748   0.00286763131096748   3.0507563105457987
  29.857421368262912 -24.916390547344374 250.74102840205185 144.25018871610817 0.0010845685699578667 9.836264368132674E-4  0.0010845684148819146 9.836264291713803E-4  0.5901800975258912  0.5901800975258912  0.5901800975258912  0.5901800975258912  27.036184314870155 8.864565497600683  8.864565497600683  -0.015453565374574901  0.004660623016015671  0.004660623016015671  3.0499164704900505
  30.105385941505073 -24.856323899517754 115.8013014402467  180.3818536769648  0.0010883128893404148 9.874964847043088E-4  0.0010883129121275203 9.87496512795616E-4   0.5924983932774313  0.5924983932774313  0.5924983932774313  0.5924983932774313  18.864796937356324 6.20964548605048   6.20964548605048   6.78112229392367E-4    0.0025409827341700978 0.0025409827341700978 3.0379829218487155
  29.98814274378745  -24.98487323716339  179.58220049184374 103.23949849298587 0.0010915997005973566 9.894469814000217E-4  0.001091599638414209  9.894469329232436E-4  0.5936700313437824  0.5936700313437824  0.5936700313437824  0.5936700313437824  22.164726396927414 7.310296563773828  7.310296563773828  -0.00733857739852663   0.0030366099947581673 0.0030366099947581673 3.0319873077057786
  30.207410221590692 -24.987509945281797 60.33454372887645  101.6363855612644  0.0010930983801529237 9.907854773274494E-4  0.0010930984774226715 9.90785427116947E-4   0.5944741619566202  0.5944741619566202  0.5944741619566202  0.5944741619566202  27.16240900030207  8.97075018176709   8.97075018176709   -0.007379503497020733  0.0034682396621013543 0.0034682396621013543 3.027886012867602 
  30.094240757852948 -24.920029654102237 121.87469584970681 142.1595508341329  0.0010930720065687183 9.913034970168155E-4  0.0010930720214439305 9.913034871935622E-4  0.5947821819200776  0.5947821819200776  0.5947821819200776  0.5947821819200776  20.190896878462777 6.671769833498765  6.671769833498765  -0.006294377682329909  0.002915094633605603  0.002915094633605603  3.0263179609531585
  29.86765086132111  -24.820344335369835 245.26186156368954 201.88683898358207 0.0010938579573540608 9.9282078768681E-4    0.0010938578070742722 9.92820837591779E-4   0.5956976019378529  0.5956976019378529  0.5956976019378529  0.5956976019378529  24.587436634969652 8.137042800696257  8.137042800696257  -0.006593353021550255  0.0036199668733023615 0.0036199668733023615 3.021667359653779 
  29.948488588356348 -24.983109915044533 201.14922658008282 104.28072605326093 0.0011007596973868772 9.977651616033256E-4  0.001100759604874213  9.97765113343263E-4   0.5986616662278316  0.5986616662278316  0.5986616662278316  0.5986616662278316  33.218622878782796 11.048175623561141 11.048175623561141 -0.002392474971286065  0.0038950954360873298 0.0038950954360873298 3.006706628372322 
  30.170902537291234 -24.813702094201325 80.11453423227685  205.93815966822908 0.0011016985911034283 9.99986584456991E-4   0.0011016986629037717 9.999866392220724E-4  0.5999943069722341  0.5999943069722341  0.5999943069722341  0.5999943069722341  23.845402871579385 7.948392205783254  7.948392205783254  -0.010142878887782942  0.003107070863653918  0.003107070863653918  3.00002846540832  
